RESOCONTO ADDESTRAMENTO CENTRALIZZATO SMARTGRID
Epoche totali: 79

TABELLA RIASSUNTIVA METRICHE:
============================================================================================================================================
Epoch   Loss         Accuracy     BalancedAcc    AUC        F1_Score     F1_Natural   F1_Attack    Precision    Precision_Nat   Precision_Att   Recall       Recall_Nat    Recall_Att  
--------------------------------------------------------------------------------------------------------------------------------------------
1       0.873306     0.710215     0.596674       0.549093   0.700512     0.357296     0.840552     0.727059     0.659037        0.754814        0.744493     0.245084      0.948263    
2       0.758908     0.710215     0.596674       0.572342   0.700512     0.357296     0.840552     0.727059     0.659037        0.754814        0.744493     0.245084      0.948263    
3       0.684952     0.710215     0.596674       0.577068   0.700512     0.357296     0.840552     0.727059     0.659037        0.754814        0.744493     0.245084      0.948263    
4       0.639408     0.710215     0.596674       0.593838   0.700512     0.357296     0.840552     0.727059     0.659037        0.754814        0.744493     0.245084      0.948263    
5       0.616983     0.710215     0.596674       0.596579   0.700512     0.357296     0.840552     0.727059     0.659037        0.754814        0.744493     0.245084      0.948263    
6       0.601199     0.710215     0.596674       0.650861   0.700512     0.357296     0.840552     0.727059     0.659037        0.754814        0.744493     0.245084      0.948263    
7       0.576364     0.710215     0.596674       0.690070   0.700512     0.357296     0.840552     0.727059     0.659037        0.754814        0.744493     0.245084      0.948263    
8       0.564480     0.710215     0.596674       0.705173   0.700512     0.357296     0.840552     0.727059     0.659037        0.754814        0.744493     0.245084      0.948263    
9       0.550526     0.710215     0.596674       0.715200   0.700512     0.357296     0.840552     0.727059     0.659037        0.754814        0.744493     0.245084      0.948263    
10      0.542965     0.716765     0.596674       0.721888   0.700512     0.357296     0.840552     0.727059     0.659037        0.754814        0.744493     0.245084      0.948263    
11      0.542414     0.713192     0.596674       0.723079   0.700512     0.357296     0.840552     0.727059     0.659037        0.754814        0.744493     0.245084      0.948263    
12      0.537561     0.714978     0.596674       0.724482   0.700512     0.357296     0.840552     0.727059     0.659037        0.754814        0.744493     0.245084      0.948263    
13      0.533132     0.720932     0.596674       0.729841   0.700512     0.357296     0.840552     0.727059     0.659037        0.754814        0.744493     0.245084      0.948263    
14      0.530660     0.721698     0.596674       0.732847   0.700512     0.357296     0.840552     0.727059     0.659037        0.754814        0.744493     0.245084      0.948263    
15      0.529082     0.726376     0.596674       0.731806   0.700512     0.357296     0.840552     0.727059     0.659037        0.754814        0.744493     0.245084      0.948263    
16      0.531018     0.727141     0.596674       0.728806   0.700512     0.357296     0.840552     0.727059     0.659037        0.754814        0.744493     0.245084      0.948263    
17      0.530105     0.729268     0.596674       0.728980   0.700512     0.357296     0.840552     0.727059     0.659037        0.754814        0.744493     0.245084      0.948263    
18      0.526831     0.729098     0.596674       0.731848   0.700512     0.357296     0.840552     0.727059     0.659037        0.754814        0.744493     0.245084      0.948263    
19      0.527714     0.728332     0.596674       0.726920   0.700512     0.357296     0.840552     0.727059     0.659037        0.754814        0.744493     0.245084      0.948263    
20      0.525187     0.726546     0.596674       0.731928   0.700512     0.357296     0.840552     0.727059     0.659037        0.754814        0.744493     0.245084      0.948263    
21      0.524215     0.730373     0.596674       0.732342   0.700512     0.357296     0.840552     0.727059     0.659037        0.754814        0.744493     0.245084      0.948263    
22      0.520896     0.732330     0.596674       0.736723   0.700512     0.357296     0.840552     0.727059     0.659037        0.754814        0.744493     0.245084      0.948263    
23      0.522067     0.733776     0.596674       0.734793   0.700512     0.357296     0.840552     0.727059     0.659037        0.754814        0.744493     0.245084      0.948263    
24      0.523828     0.731479     0.596674       0.730855   0.700512     0.357296     0.840552     0.727059     0.659037        0.754814        0.744493     0.245084      0.948263    
25      0.524343     0.731309     0.596674       0.733781   0.700512     0.357296     0.840552     0.727059     0.659037        0.754814        0.744493     0.245084      0.948263    
26      0.521789     0.734796     0.596674       0.735294   0.700512     0.357296     0.840552     0.727059     0.659037        0.754814        0.744493     0.245084      0.948263    
27      0.521401     0.733265     0.596674       0.735950   0.700512     0.357296     0.840552     0.727059     0.659037        0.754814        0.744493     0.245084      0.948263    
28      0.520220     0.733861     0.596674       0.737448   0.700512     0.357296     0.840552     0.727059     0.659037        0.754814        0.744493     0.245084      0.948263    
29      0.519453     0.735137     0.596674       0.735507   0.700512     0.357296     0.840552     0.727059     0.659037        0.754814        0.744493     0.245084      0.948263    
30      0.517772     0.735051     0.596674       0.741372   0.700512     0.357296     0.840552     0.727059     0.659037        0.754814        0.744493     0.245084      0.948263    
31      0.515933     0.738539     0.596674       0.740974   0.700512     0.357296     0.840552     0.727059     0.659037        0.754814        0.744493     0.245084      0.948263    
32      0.517065     0.736157     0.596674       0.740004   0.700512     0.357296     0.840552     0.727059     0.659037        0.754814        0.744493     0.245084      0.948263    
33      0.517309     0.731224     0.596674       0.743305   0.700512     0.357296     0.840552     0.727059     0.659037        0.754814        0.744493     0.245084      0.948263    
34      0.516497     0.734456     0.596674       0.741431   0.700512     0.357296     0.840552     0.727059     0.659037        0.754814        0.744493     0.245084      0.948263    
35      0.517598     0.736242     0.596674       0.737704   0.700512     0.357296     0.840552     0.727059     0.659037        0.754814        0.744493     0.245084      0.948263    
36      0.513750     0.736497     0.596674       0.742895   0.700512     0.357296     0.840552     0.727059     0.659037        0.754814        0.744493     0.245084      0.948263    
37      0.513576     0.738284     0.596674       0.743822   0.700512     0.357296     0.840552     0.727059     0.659037        0.754814        0.744493     0.245084      0.948263    
38      0.512378     0.738539     0.596674       0.742583   0.700512     0.357296     0.840552     0.727059     0.659037        0.754814        0.744493     0.245084      0.948263    
39      0.511339     0.740240     0.596674       0.743973   0.700512     0.357296     0.840552     0.727059     0.659037        0.754814        0.744493     0.245084      0.948263    
40      0.512183     0.739644     0.596674       0.741483   0.700512     0.357296     0.840552     0.727059     0.659037        0.754814        0.744493     0.245084      0.948263    
41      0.510716     0.739730     0.596674       0.743717   0.700512     0.357296     0.840552     0.727059     0.659037        0.754814        0.744493     0.245084      0.948263    
42      0.513245     0.739644     0.596674       0.742650   0.700512     0.357296     0.840552     0.727059     0.659037        0.754814        0.744493     0.245084      0.948263    
43      0.511843     0.737348     0.596674       0.741792   0.700512     0.357296     0.840552     0.727059     0.659037        0.754814        0.744493     0.245084      0.948263    
44      0.511104     0.738709     0.596674       0.746392   0.700512     0.357296     0.840552     0.727059     0.659037        0.754814        0.744493     0.245084      0.948263    
45      0.510670     0.737603     0.596674       0.746168   0.700512     0.357296     0.840552     0.727059     0.659037        0.754814        0.744493     0.245084      0.948263    
46      0.509248     0.741516     0.596674       0.748530   0.700512     0.357296     0.840552     0.727059     0.659037        0.754814        0.744493     0.245084      0.948263    
47      0.508594     0.742792     0.596674       0.747898   0.700512     0.357296     0.840552     0.727059     0.659037        0.754814        0.744493     0.245084      0.948263    
48      0.507363     0.742621     0.596674       0.750135   0.700512     0.357296     0.840552     0.727059     0.659037        0.754814        0.744493     0.245084      0.948263    
49      0.508374     0.738879     0.596674       0.747628   0.700512     0.357296     0.840552     0.727059     0.659037        0.754814        0.744493     0.245084      0.948263    
50      0.508716     0.739389     0.596674       0.748563   0.700512     0.357296     0.840552     0.727059     0.659037        0.754814        0.744493     0.245084      0.948263    
51      0.508731     0.737348     0.596674       0.750291   0.700512     0.357296     0.840552     0.727059     0.659037        0.754814        0.744493     0.245084      0.948263    
52      0.507819     0.741516     0.596674       0.750275   0.700512     0.357296     0.840552     0.727059     0.659037        0.754814        0.744493     0.245084      0.948263    
53      0.506470     0.744067     0.596674       0.753704   0.700512     0.357296     0.840552     0.727059     0.659037        0.754814        0.744493     0.245084      0.948263    
54      0.505645     0.743302     0.596674       0.754452   0.700512     0.357296     0.840552     0.727059     0.659037        0.754814        0.744493     0.245084      0.948263    
55      0.505580     0.745598     0.596674       0.753018   0.700512     0.357296     0.840552     0.727059     0.659037        0.754814        0.744493     0.245084      0.948263    
56      0.504701     0.741516     0.596674       0.753281   0.700512     0.357296     0.840552     0.727059     0.659037        0.754814        0.744493     0.245084      0.948263    
57      0.504998     0.741771     0.596674       0.753895   0.700512     0.357296     0.840552     0.727059     0.659037        0.754814        0.744493     0.245084      0.948263    
58      0.504314     0.743047     0.596674       0.754312   0.700512     0.357296     0.840552     0.727059     0.659037        0.754814        0.744493     0.245084      0.948263    
59      0.505408     0.744493     0.596674       0.754265   0.700512     0.357296     0.840552     0.727059     0.659037        0.754814        0.744493     0.245084      0.948263    
60      0.504250     0.742111     0.596674       0.754301   0.700512     0.357296     0.840552     0.727059     0.659037        0.754814        0.744493     0.245084      0.948263    
61      0.503484     0.745088     0.596674       0.755008   0.700512     0.357296     0.840552     0.727059     0.659037        0.754814        0.744493     0.245084      0.948263    
62      0.505076     0.743727     0.596674       0.754417   0.700512     0.357296     0.840552     0.727059     0.659037        0.754814        0.744493     0.245084      0.948263    
63      0.504179     0.744748     0.596674       0.753951   0.700512     0.357296     0.840552     0.727059     0.659037        0.754814        0.744493     0.245084      0.948263    
64      0.502790     0.744833     0.596674       0.755606   0.700512     0.357296     0.840552     0.727059     0.659037        0.754814        0.744493     0.245084      0.948263    
65      0.504104     0.744152     0.596674       0.755697   0.700512     0.357296     0.840552     0.727059     0.659037        0.754814        0.744493     0.245084      0.948263    
66      0.504195     0.742366     0.596674       0.754727   0.700512     0.357296     0.840552     0.727059     0.659037        0.754814        0.744493     0.245084      0.948263    
67      0.504741     0.741346     0.596674       0.753831   0.700512     0.357296     0.840552     0.727059     0.659037        0.754814        0.744493     0.245084      0.948263    
68      0.503997     0.743047     0.596674       0.755496   0.700512     0.357296     0.840552     0.727059     0.659037        0.754814        0.744493     0.245084      0.948263    
69      0.503414     0.744493     0.596674       0.754368   0.700512     0.357296     0.840552     0.727059     0.659037        0.754814        0.744493     0.245084      0.948263    
70      0.503383     0.743982     0.596674       0.758084   0.700512     0.357296     0.840552     0.727059     0.659037        0.754814        0.744493     0.245084      0.948263    
71      0.501677     0.744493     0.596674       0.758472   0.700512     0.357296     0.840552     0.727059     0.659037        0.754814        0.744493     0.245084      0.948263    
72      0.502457     0.744918     0.596674       0.757423   0.700512     0.357296     0.840552     0.727059     0.659037        0.754814        0.744493     0.245084      0.948263    
73      0.502701     0.745088     0.596674       0.757976   0.700512     0.357296     0.840552     0.727059     0.659037        0.754814        0.744493     0.245084      0.948263    
74      0.501957     0.744748     0.596674       0.758188   0.700512     0.357296     0.840552     0.727059     0.659037        0.754814        0.744493     0.245084      0.948263    
75      0.502642     0.745683     0.596674       0.758338   0.700512     0.357296     0.840552     0.727059     0.659037        0.754814        0.744493     0.245084      0.948263    
76      0.502294     0.744323     0.596674       0.758909   0.700512     0.357296     0.840552     0.727059     0.659037        0.754814        0.744493     0.245084      0.948263    
77      0.501652     0.745598     0.596674       0.759252   0.700512     0.357296     0.840552     0.727059     0.659037        0.754814        0.744493     0.245084      0.948263    
78      0.501272     0.746024     0.596674       0.759217   0.700512     0.357296     0.840552     0.727059     0.659037        0.754814        0.744493     0.245084      0.948263    
79      0.500700     0.745939     0.596674       0.759201   0.700512     0.357296     0.840552     0.727059     0.659037        0.754814        0.744493     0.245084      0.948263    
============================================================================================================================================

STATISTICHE FINALI:
============================================================

🔹 LOSS:
   Epoche disponibili  : 79
   Valore iniziale     : 0.873306 
   Valore finale       : 0.500700 
   Valore minimo       : 0.500700 
   Valore massimo      : 0.873306 
   Valore medio        : 0.529125 
   Miglioramento       : -0.372606 📉

🔹 ACCURACY:
   Epoche disponibili  : 79
   Valore iniziale     : 0.710215 
   Valore finale       : 0.745939 
   Valore minimo       : 0.710215 
   Valore massimo      : 0.746024 
   Valore medio        : 0.734368 
   Miglioramento       : 0.035723  📈

🔹 BALANCEDACC:
   Epoche disponibili  : 79
   Valore iniziale     : 0.596674 
   Valore finale       : 0.596674 
   Valore minimo       : 0.596674 
   Valore massimo      : 0.596674 
   Valore medio        : 0.596674 
   Miglioramento       : 0.000000  

🔹 AUC:
   Epoche disponibili  : 79
   Valore iniziale     : 0.549093 
   Valore finale       : 0.759201 
   Valore minimo       : 0.549093 
   Valore massimo      : 0.759252 
   Valore medio        : 0.731751 
   Miglioramento       : 0.210108  📈

🔹 F1_SCORE:
   Epoche disponibili  : 79
   Valore iniziale     : 0.700512 
   Valore finale       : 0.700512 
   Valore minimo       : 0.700512 
   Valore massimo      : 0.700512 
   Valore medio        : 0.700512 
   Miglioramento       : 0.000000  

🔹 F1_NATURAL:
   Epoche disponibili  : 79
   Valore iniziale     : 0.357296 
   Valore finale       : 0.357296 
   Valore minimo       : 0.357296 
   Valore massimo      : 0.357296 
   Valore medio        : 0.357296 
   Miglioramento       : 0.000000  

🔹 F1_ATTACK:
   Epoche disponibili  : 79
   Valore iniziale     : 0.840552 
   Valore finale       : 0.840552 
   Valore minimo       : 0.840552 
   Valore massimo      : 0.840552 
   Valore medio        : 0.840552 
   Miglioramento       : 0.000000  

🔹 PRECISION:
   Epoche disponibili  : 79
   Valore iniziale     : 0.727059 
   Valore finale       : 0.727059 
   Valore minimo       : 0.727059 
   Valore massimo      : 0.727059 
   Valore medio        : 0.727059 
   Miglioramento       : 0.000000  

🔹 PRECISION_NAT:
   Epoche disponibili  : 79
   Valore iniziale     : 0.659037 
   Valore finale       : 0.659037 
   Valore minimo       : 0.659037 
   Valore massimo      : 0.659037 
   Valore medio        : 0.659037 
   Miglioramento       : 0.000000  

🔹 PRECISION_ATT:
   Epoche disponibili  : 79
   Valore iniziale     : 0.754814 
   Valore finale       : 0.754814 
   Valore minimo       : 0.754814 
   Valore massimo      : 0.754814 
   Valore medio        : 0.754814 
   Miglioramento       : 0.000000  

🔹 RECALL:
   Epoche disponibili  : 79
   Valore iniziale     : 0.744493 
   Valore finale       : 0.744493 
   Valore minimo       : 0.744493 
   Valore massimo      : 0.744493 
   Valore medio        : 0.744493 
   Miglioramento       : 0.000000  

🔹 RECALL_NAT:
   Epoche disponibili  : 79
   Valore iniziale     : 0.245084 
   Valore finale       : 0.245084 
   Valore minimo       : 0.245084 
   Valore massimo      : 0.245084 
   Valore medio        : 0.245084 
   Miglioramento       : 0.000000  

🔹 RECALL_ATT:
   Epoche disponibili  : 79
   Valore iniziale     : 0.948263 
   Valore finale       : 0.948263 
   Valore minimo       : 0.948263 
   Valore massimo      : 0.948263 
   Valore medio        : 0.948263 
   Miglioramento       : 0.000000  


MATRICE DI CONFUSIONE SUL VALIDATION SET:
----------------------------------------
tp: 7918  fp: 2572  fn: 432   tn: 835  


FEATURE IMPORTANCE PRIMA DELLA PCA (RandomForest):
------------------------------------------------------------
Feature                   Importance  
----------------------------------------
R3-PM6:I                  0.021303
R1-PM2:V                  0.020790
R2-PA10:IH                0.020316
R1-PM11:I                 0.016639
R4-PA1:VH                 0.016392
R3-PM11:I                 0.016027
R1-PM5:I                  0.016000
R2-PA2:VH                 0.015912
R3-PM9:V                  0.015601
R2:F                      0.015549
R2-PA8:VH                 0.015319
R3-PM4:I                  0.014223
R3-PM7:V                  0.013874
R1-PA3:VH                 0.013812
R3-PA7:VH                 0.013606
R2-PM12:I                 0.013603
R3-PM5:I                  0.013447
R2-PM7:V                  0.013439
R3-PA6:IH                 0.013434
R1-PA:ZH                  0.013274

FEATURE IMPORTANCE DOPO LA PCA (RandomForest):
------------------------------------------------------------
PCA_Component             Importance  
----------------------------------------
PCA_63                    0.031360
PCA_58                    0.022443
PCA_74                    0.020923
PCA_18                    0.017541
PCA_10                    0.017458
PCA_1                     0.017018
PCA_73                    0.016993
PCA_44                    0.016881
PCA_4                     0.016521
PCA_12                    0.016065
PCA_16                    0.015906
PCA_68                    0.015893
PCA_6                     0.015837
PCA_2                     0.015504
PCA_57                    0.015477
PCA_14                    0.015287
PCA_43                    0.014681
PCA_9                     0.014660
PCA_70                    0.014500
PCA_11                    0.014479
