RESOCONTO ADDESTRAMENTO FEDERATO SMARTGRID
Rounds totali: 201

TABELLA RIASSUNTIVA METRICHE:
============================================================================================================================================
Round   Loss         Accuracy     BalancedAcc    AUC        F1_Score     F1_Natural   F1_Attack    Precision    Precision_Nat   Precision_Att   Recall       Recall_Nat    Recall_Att  
--------------------------------------------------------------------------------------------------------------------------------------------
1       1.017202     0.419786     0.474575       0.448650   0.440672     0.397281     0.440672     0.659356     0.292679        0.659356        0.330918     0.618233      0.330918    
2       0.676776     0.686556     0.507141       0.559177   0.811614     0.067564     0.811614     0.693829     0.422939        0.693829        0.977567     0.036714      0.977567    
3       0.680942     0.669137     0.514804       0.568787   0.793340     0.170767     0.793340     0.697642     0.379828        0.697642        0.919465     0.110143      0.919465    
4       0.674836     0.661438     0.515587       0.557528   0.785592     0.195702     0.785592     0.698191     0.368966        0.698191        0.898008     0.133167      0.898008    
5       0.678059     0.650948     0.520192       0.561607   0.773525     0.239144     0.773525     0.700837     0.367032        0.700837        0.863035     0.177349      0.863035    
6       0.678979     0.640843     0.528339       0.559914   0.760000     0.286697     0.760000     0.705721     0.371655        0.705721        0.823325     0.233354      0.823325    
7       0.682788     0.638341     0.539499       0.563141   0.753120     0.324101     0.753120     0.712492     0.384058        0.712492        0.798662     0.280336      0.798662    
8       0.682099     0.643345     0.545699       0.567396   0.756409     0.334411     0.756409     0.715939     0.395497        0.715939        0.801728     0.289670      0.801728    
9       0.683130     0.637860     0.547655       0.568489   0.749451     0.347041     0.749451     0.717674     0.392311        0.717674        0.784172     0.311139      0.784172    
10      0.686843     0.629872     0.545137       0.563823   0.741184     0.350557     0.741184     0.716777     0.383309        0.716777        0.767312     0.322962      0.767312    
11      0.687979     0.627562     0.546128       0.564568   0.738053     0.355859     0.738053     0.717652     0.382606        0.717652        0.759649     0.332607      0.759649    
12      0.688676     0.623328     0.545382       0.565923   0.733306     0.358991     0.733306     0.717562     0.378976        0.717562        0.749756     0.341008      0.749756    
13      0.689192     0.621596     0.545073       0.564652   0.731347     0.360234     0.731347     0.717522     0.377558        0.717522        0.745715     0.344431      0.745715    
14      0.690479     0.620248     0.546503       0.563283   0.729095     0.365187     0.729095     0.718636     0.378081        0.718636        0.739863     0.353143      0.739863    
15      0.691751     0.617072     0.543603       0.560750   0.726473     0.361828     0.726473     0.716961     0.373386        0.716961        0.736241     0.350965      0.736241    
16      0.692872     0.614763     0.543305       0.560661   0.723760     0.363694     0.723760     0.716981     0.371791        0.716981        0.730667     0.355943      0.730667    
17      0.693914     0.610721     0.543729       0.560032   0.718530     0.369053     0.718530     0.717681     0.370034        0.717681        0.719381     0.368077      0.719381    
18      0.694531     0.608700     0.544156       0.561292   0.715784     0.372143     0.715784     0.718193     0.369405        0.718193        0.713390     0.374922      0.713390    
19      0.694297     0.610528     0.546854       0.562122   0.716854     0.376329     0.716854     0.719927     0.372824        0.719927        0.713808     0.379900      0.713808    
20      0.694081     0.609277     0.546550       0.563186   0.715407     0.376918     0.715407     0.719848     0.371896        0.719848        0.711021     0.382078      0.711021    
21      0.693993     0.607834     0.545333       0.563602   0.714135     0.375670     0.714135     0.719130     0.370057        0.719130        0.709210     0.381456      0.709210    
22      0.694373     0.606294     0.545335       0.564403   0.712165     0.377226     0.712165     0.719301     0.369300        0.719301        0.705169     0.385501      0.705169    
23      0.694468     0.606390     0.545920       0.565213   0.712012     0.378419     0.712012     0.719715     0.369875        0.719715        0.704473     0.387368      0.704473    
24      0.694721     0.607160     0.548110       0.565757   0.711967     0.382451     0.711967     0.721229     0.372203        0.721229        0.702940     0.393279      0.702940    
25      0.694378     0.607352     0.547905       0.566513   0.712311     0.381818     0.712311     0.721056     0.372120        0.721056        0.703776     0.392035      0.703776    
26      0.694728     0.606775     0.548690       0.567178   0.711196     0.384082     0.711196     0.721704     0.372515        0.721704        0.700989     0.396391      0.700989    
27      0.694562     0.607930     0.549182       0.567444   0.712451     0.384034     0.712451     0.721928     0.373529        0.721928        0.703219     0.395146      0.703219    
28      0.695376     0.605909     0.549953       0.567938   0.709471     0.387618     0.709471     0.722752     0.373164        0.722752        0.696670     0.403236      0.696670    
29      0.694950     0.607352     0.549881       0.567878   0.711375     0.386097     0.711375     0.722518     0.373834        0.722518        0.700571     0.399191      0.700571    
30      0.694939     0.607064     0.549157       0.567534   0.711347     0.384812     0.711347     0.722015     0.373065        0.722015        0.700989     0.397324      0.700989    
31      0.694640     0.608219     0.549649       0.567712   0.712601     0.384767     0.712601     0.722238     0.374082        0.722238        0.703219     0.396080      0.703219    
32      0.694559     0.608122     0.549494       0.567642   0.712551     0.384522     0.712551     0.722135     0.373898        0.722135        0.703219     0.395769      0.703219    
33      0.694410     0.608026     0.549338       0.567800   0.712501     0.384278     0.712501     0.722031     0.373714        0.722031        0.703219     0.395457      0.703219    
34      0.694974     0.607256     0.549640       0.567690   0.711366     0.385669     0.711366     0.722350     0.373578        0.722350        0.700711     0.398569      0.700711    
35      0.695336     0.606390     0.549356       0.567588   0.710381     0.385886     0.710381     0.722246     0.372896        0.722246        0.698899     0.399813      0.698899    
36      0.695024     0.607641     0.550691       0.567947   0.711363     0.387562     0.711363     0.723086     0.374673        0.723086        0.700014     0.401369      0.700014    
37      0.694875     0.607930     0.549870       0.567641   0.712126     0.385520     0.712125     0.722437     0.374122        0.722437        0.702104     0.397635      0.702104    
38      0.695390     0.607449     0.550552       0.567796   0.711180     0.387446     0.711180     0.723006     0.374456        0.723006        0.699735     0.401369      0.699735    
39      0.695530     0.606198     0.550162       0.567676   0.709746     0.387792     0.709746     0.722872     0.373487        0.722872        0.697088     0.403236      0.697088    
40      0.695035     0.606775     0.549463       0.567594   0.710828     0.385749     0.710828     0.722278     0.373182        0.722278        0.699735     0.399191      0.699735    
41      0.695020     0.606968     0.549517       0.567606   0.711051     0.385680     0.711051     0.722294     0.373326        0.722294        0.700153     0.398880      0.700153    
42      0.694869     0.607449     0.549435       0.567501   0.711711     0.385044     0.711711     0.722174     0.373501        0.722174        0.701547     0.397324      0.701547    
43      0.694872     0.607545     0.549161       0.567607   0.711965     0.384360     0.711965     0.721960     0.373314        0.721960        0.702243     0.396080      0.702243    
44      0.695181     0.606679     0.549479       0.567516   0.710696     0.385875     0.710696     0.722302     0.373147        0.722302        0.699457     0.399502      0.699457    
45      0.694699     0.607641     0.549231       0.567529   0.712056     0.384418     0.712056     0.721999     0.373423        0.721999        0.702383     0.396080      0.702383    
46      0.694586     0.607352     0.549194       0.567385   0.711702     0.384615     0.711702     0.722007     0.373244        0.722007        0.701686     0.396702      0.701686    
47      0.694363     0.607737     0.548356       0.567506   0.712593     0.382424     0.712593     0.721342     0.372711        0.721342        0.704055     0.392657      0.704055    
48      0.695007     0.607641     0.549661       0.567294   0.711852     0.385346     0.711852     0.722318     0.373794        0.722318        0.701686     0.397635      0.701686    
49      0.694913     0.606486     0.548825       0.567185   0.710759     0.384650     0.710759     0.721839     0.372486        0.721839        0.700014     0.397635      0.700014    
50      0.694612     0.606486     0.548739       0.567322   0.710800     0.384465     0.710800     0.721775     0.372412        0.721775        0.700153     0.397324      0.700153    
51      0.694835     0.606679     0.548620       0.567423   0.711105     0.384024     0.711105     0.721664     0.372406        0.721664        0.700850     0.396391      0.700850    
52      0.694682     0.607545     0.549247       0.567350   0.711924     0.384546     0.711924     0.722023     0.373388        0.722023        0.702104     0.396391      0.702104    
53      0.694801     0.606775     0.549120       0.567342   0.710992     0.385009     0.710992     0.722023     0.372886        0.722023        0.700293     0.397946      0.700293    
54      0.695691     0.604562     0.548462       0.567375   0.708437     0.385708     0.708437     0.721804     0.371223        0.721805        0.695555     0.401369      0.695555    
55      0.695053     0.605716     0.548869       0.567220   0.709741     0.385481     0.709741     0.721966     0.372140        0.721966        0.697924     0.399813      0.697924    
56      0.695557     0.604947     0.548483       0.567463   0.708927     0.385387     0.708927     0.721773     0.371429        0.721773        0.696531     0.400436      0.696531    
57      0.695071     0.606390     0.548841       0.567141   0.710627     0.384777     0.710627     0.721863     0.372452        0.721863        0.699735     0.397946      0.699735    
58      0.694632     0.606871     0.548416       0.567197   0.711450     0.383396     0.711450     0.721490     0.372325        0.721490        0.701686     0.395146      0.701686    
59      0.694676     0.607449     0.548834       0.567041   0.711996     0.383744     0.711996     0.721729     0.372981        0.721729        0.702522     0.395146      0.702522    
60      0.694721     0.606583     0.548121       0.567058   0.711218     0.383037     0.711218     0.721307     0.371923        0.721307        0.701407     0.394835      0.701407    
61      0.694748     0.606871     0.548502       0.567004   0.711409     0.383582     0.711409     0.721553     0.372400        0.721553        0.701547     0.395457      0.701547    
62      0.695056     0.606294     0.548685       0.567012   0.710577     0.384534     0.710577     0.721759     0.372269        0.721759        0.699735     0.397635      0.699735    
63      0.694953     0.606101     0.548288       0.567143   0.710517     0.383863     0.710517     0.721488     0.371829        0.721488        0.699875     0.396702      0.699875    
64      0.694726     0.606775     0.548604       0.567072   0.711237     0.383896     0.711237     0.721641     0.372440        0.721641        0.701129     0.396080      0.701129    
65      0.695166     0.605813     0.548337       0.566799   0.710120     0.384245     0.710120     0.721559     0.371728        0.721559        0.699039     0.397635      0.699039    
66      0.694910     0.606775     0.548432       0.566674   0.711318     0.383524     0.711318     0.721514     0.372291        0.721514        0.701407     0.395457      0.701407    
67      0.694508     0.607449     0.548662       0.566953   0.712077     0.383371     0.712077     0.721602     0.372832        0.721602        0.702801     0.394524      0.702801    
68      0.694724     0.606775     0.548089       0.566808   0.711481     0.382779     0.711481     0.721260     0.371991        0.721260        0.701965     0.394213      0.701965    
69      0.695006     0.606294     0.548342       0.566745   0.710740     0.383793     0.710740     0.721504     0.371971        0.721504        0.700293     0.396391      0.700293    
70      0.694574     0.608026     0.549338       0.566631   0.712501     0.384278     0.712501     0.722031     0.373714        0.722031        0.703219     0.395457      0.703219    
71      0.695321     0.605428     0.547801       0.566600   0.709878     0.383459     0.709878     0.721208     0.371071        0.721208        0.698899     0.396702      0.698899    
72      0.695046     0.605620     0.547682       0.566755   0.710184     0.383017     0.710184     0.721097     0.371062        0.721097        0.699596     0.395769      0.699596    
73      0.694933     0.606294     0.548514       0.566648   0.710658     0.384164     0.710658     0.721632     0.372120        0.721632        0.700014     0.397013      0.700014    
74      0.694987     0.606198     0.548444       0.566708   0.710567     0.384106     0.710567     0.721592     0.372012        0.721592        0.699875     0.397013      0.699875    
75      0.694924     0.606101     0.547945       0.566624   0.710681     0.383120     0.710681     0.721234     0.371529        0.721234        0.700432     0.395457      0.700432    
76      0.695158     0.605524     0.547956       0.566687   0.709929     0.383702     0.709929     0.721311     0.371254        0.721311        0.698899     0.397013      0.698899    
77      0.695144     0.605332     0.547817       0.566724   0.709746     0.383586     0.709746     0.721231     0.371038        0.721231        0.698621     0.397013      0.698621    
78      0.694713     0.606968     0.548056       0.566529   0.711745     0.382522     0.711745     0.721213     0.372059        0.721213        0.702522     0.393591      0.702522    
79      0.694845     0.607064     0.548212       0.566604   0.711795     0.382766     0.711795     0.721316     0.372243        0.721316        0.702522     0.393902      0.702522    
80      0.694691     0.606968     0.548142       0.566262   0.711704     0.382709     0.711704     0.721276     0.372134        0.721276        0.702383     0.393902      0.702383    
81      0.694269     0.607834     0.548340       0.566347   0.712725     0.382295     0.712725     0.721318     0.372746        0.721318        0.704333     0.392346      0.704333    
82      0.694931     0.607256     0.548952       0.566421   0.711692     0.384186     0.711692     0.721840     0.372986        0.721840        0.701825     0.396080      0.701825    
83      0.694510     0.607834     0.548855       0.566342   0.712481     0.383417     0.712481     0.721698     0.373196        0.721698        0.703497     0.394213      0.703497    
84      0.695563     0.604754     0.548172       0.566710   0.708827     0.384903     0.708827     0.721565     0.371066        0.721565        0.696531     0.399813      0.696531    
85      0.695060     0.606101     0.547687       0.566162   0.710803     0.382561     0.710803     0.721044     0.371303        0.721044        0.700850     0.394524      0.700850    
86      0.694841     0.607160     0.548883       0.566329   0.711601     0.384128     0.711601     0.721800     0.372876        0.721800        0.701686     0.396080      0.701686    
87      0.694713     0.607064     0.548727       0.566351   0.711551     0.383884     0.711551     0.721697     0.372693        0.721697        0.701686     0.395769      0.701686    
88      0.695042     0.606101     0.548202       0.566355   0.710558     0.383677     0.710558     0.721424     0.371754        0.721424        0.700014     0.396391      0.700014    
89      0.695175     0.605909     0.548235       0.566111   0.710294     0.383933     0.710294     0.721472     0.371687        0.721472        0.699457     0.397013      0.699457    
90      0.694797     0.607064     0.548813       0.566097   0.711510     0.384070     0.711510     0.721760     0.372767        0.721760        0.701547     0.396080      0.701547    
91      0.694848     0.606198     0.548358       0.566348   0.710608     0.383921     0.710608     0.721528     0.371937        0.721528        0.700014     0.396702      0.700014    
92      0.694794     0.606486     0.548481       0.566074   0.710923     0.383908     0.710923     0.721584     0.372188        0.721584        0.700571     0.396391      0.700571    
93      0.694843     0.606871     0.548760       0.565949   0.711287     0.384140     0.711287     0.721744     0.372624        0.721744        0.701129     0.396391      0.701129    
94      0.695019     0.606390     0.548583       0.566004   0.710750     0.384222     0.710750     0.721672     0.372229        0.721672        0.700153     0.397013      0.700153    
95      0.695087     0.606679     0.548792       0.566109   0.711023     0.384395     0.711023     0.721792     0.372555        0.721792        0.700571     0.397013      0.700571    
96      0.695348     0.606101     0.548890       0.565830   0.710230     0.385158     0.710230     0.721934     0.372350        0.721934        0.698899     0.398880      0.698899    
97      0.695260     0.606101     0.549061       0.565905   0.710148     0.385528     0.710148     0.722062     0.372498        0.722062        0.698621     0.399502      0.698621    
98      0.695592     0.605620     0.549572       0.566471   0.709279     0.387077     0.709279     0.722503     0.372696        0.722503        0.696531     0.402614      0.696531    
99      0.695166     0.606871     0.548932       0.566050   0.711205     0.384511     0.711205     0.721871     0.372772        0.721871        0.700850     0.397013      0.700850    
100     0.694908     0.607545     0.549247       0.565820   0.711924     0.384546     0.711924     0.722023     0.373388        0.722023        0.702104     0.396391      0.702104    
101     0.695141     0.606390     0.548583       0.566149   0.710750     0.384222     0.710750     0.721672     0.372229        0.721672        0.700153     0.397013      0.700153    
102     0.694888     0.607160     0.549141       0.566193   0.711479     0.384685     0.711479     0.721991     0.373099        0.721991        0.701268     0.397013      0.701268    
103     0.695219     0.606198     0.548959       0.566132   0.710321     0.385216     0.710321     0.721974     0.372458        0.721974        0.699039     0.398880      0.699039    
104     0.694498     0.607737     0.548442       0.565918   0.712553     0.382611     0.712553     0.721405     0.372786        0.721405        0.703915     0.392968      0.703915    
105     0.694742     0.607641     0.549489       0.565814   0.711934     0.384975     0.711934     0.722190     0.373646        0.722190        0.701965     0.397013      0.701965    
106     0.695000     0.607449     0.549350       0.565919   0.711752     0.384859     0.711752     0.722111     0.373427        0.722111        0.701686     0.397013      0.701686    
107     0.694798     0.606583     0.547778       0.565899   0.711381     0.382291     0.711381     0.721053     0.371622        0.721053        0.701965     0.393591      0.701965    
108     0.694584     0.608315     0.549203       0.565916   0.712936     0.383707     0.712936     0.721897     0.373746        0.721897        0.704194     0.394213      0.704194    
109     0.694439     0.607834     0.548340       0.565904   0.712725     0.382295     0.712725     0.721318     0.372746        0.721318        0.704333     0.392346      0.704333    
110     0.694644     0.607256     0.548695       0.565962   0.711814     0.383628     0.711814     0.721649     0.372762        0.721649        0.702243     0.395146      0.702243    
111     0.695085     0.605909     0.548149       0.565840   0.710335     0.383747     0.710335     0.721408     0.371612        0.721408        0.699596     0.396702      0.699596    
112     0.695121     0.605620     0.548198       0.565949   0.709938     0.384130     0.709938     0.721479     0.371512        0.721479        0.698760     0.397635      0.698760    
113     0.694583     0.606968     0.548400       0.565916   0.711582     0.383268     0.711582     0.721466     0.372359        0.721466        0.701965     0.394835      0.701965    
114     0.694887     0.606775     0.548862       0.565745   0.711114     0.384453     0.711114     0.721832     0.372664        0.721831        0.700711     0.397013      0.700711    
115     0.694557     0.607160     0.548024       0.565666   0.712008     0.382264     0.712008     0.721166     0.372127        0.721166        0.703079     0.392968      0.703079    
116     0.694878     0.607160     0.548969       0.565848   0.711560     0.384314     0.711560     0.721864     0.372951        0.721864        0.701547     0.396391      0.701547    
117     0.695184     0.606101     0.548718       0.565743   0.710312     0.384789     0.710312     0.721807     0.372201        0.721807        0.699178     0.398258      0.699178    
118     0.695027     0.606390     0.548497       0.565698   0.710791     0.384036     0.710791     0.721608     0.372154        0.721608        0.700293     0.396702      0.700293    
119     0.694879     0.606775     0.548690       0.565927   0.711196     0.384082     0.711196     0.721704     0.372515        0.721704        0.700989     0.396391      0.700989    
120     0.695237     0.606679     0.549136       0.565757   0.710860     0.385136     0.710860     0.722047     0.372852        0.722047        0.700014     0.398258      0.700014    
121     0.694756     0.607449     0.549092       0.565664   0.711874     0.384302     0.711874     0.721920     0.373204        0.721920        0.702104     0.396080      0.702104    
122     0.694777     0.607641     0.549059       0.565554   0.712137     0.384046     0.712137     0.721872     0.373275        0.721872        0.702661     0.395457      0.702661    
123     0.694910     0.607737     0.549043       0.565348   0.712269     0.383918     0.712269     0.721849     0.373310        0.721849        0.702940     0.395146      0.702940    
124     0.695110     0.606486     0.548825       0.565764   0.710759     0.384650     0.710759     0.721839     0.372486        0.721839        0.700014     0.397635      0.700014    
125     0.695436     0.605428     0.549175       0.565922   0.709220     0.386411     0.709220     0.722230     0.372261        0.722230        0.696670     0.401680      0.696670    
126     0.695042     0.606775     0.548776       0.565664   0.711155     0.384268     0.711155     0.721768     0.372589        0.721768        0.700850     0.396702      0.700850    
127     0.694984     0.607641     0.549489       0.565757   0.711934     0.384975     0.711934     0.722190     0.373646        0.722190        0.701965     0.397013      0.701965    
128     0.695165     0.606486     0.549082       0.565657   0.710636     0.385205     0.710636     0.722030     0.372709        0.722030        0.699596     0.398569      0.699596    
129     0.694566     0.608507     0.549085       0.565626   0.713238     0.383263     0.713238     0.721786     0.373743        0.721786        0.704891     0.393279      0.704891    
130     0.695244     0.606294     0.549201       0.565567   0.710331     0.385643     0.710331     0.722142     0.372714        0.722142        0.698899     0.399502      0.698899    
131     0.694995     0.606968     0.548743       0.565534   0.711419     0.384012     0.711419     0.721720     0.372658        0.721720        0.701407     0.396080      0.701407    
132     0.694763     0.607545     0.548990       0.565524   0.712046     0.383988     0.712046     0.721833     0.373165        0.721832        0.702522     0.395457      0.702522    
133     0.695292     0.606294     0.548771       0.565745   0.710536     0.384720     0.710536     0.721823     0.372344        0.721823        0.699596     0.397946      0.699596    
134     0.694999     0.606679     0.548534       0.565594   0.711146     0.383838     0.711146     0.721601     0.372331        0.721601        0.700989     0.396080      0.700989    
135     0.694940     0.606583     0.548465       0.565661   0.711055     0.383781     0.711055     0.721561     0.372222        0.721561        0.700850     0.396080      0.700850    
136     0.695154     0.606198     0.548702       0.565547   0.710444     0.384662     0.710444     0.721783     0.372235        0.721783        0.699457     0.397946      0.699457    
137     0.694936     0.606583     0.548379       0.565688   0.711095     0.383595     0.711095     0.721497     0.372147        0.721497        0.700989     0.395769      0.700989    
138     0.694645     0.607449     0.548834       0.565437   0.711996     0.383744     0.711996     0.721729     0.372981        0.721729        0.702522     0.395146      0.702522    
139     0.694684     0.607160     0.548625       0.565448   0.711723     0.383570     0.711723     0.721610     0.372653        0.721610        0.702104     0.395146      0.702104    
140     0.694762     0.607545     0.549076       0.565463   0.712006     0.384174     0.712006     0.721896     0.373239        0.721896        0.702383     0.395769      0.702383    
141     0.694955     0.607160     0.548883       0.565523   0.711601     0.384128     0.711601     0.721800     0.372876        0.721800        0.701686     0.396080      0.701686    
142     0.694963     0.607352     0.549108       0.565566   0.711742     0.384430     0.711742     0.721944     0.373169        0.721944        0.701825     0.396391      0.701825    
143     0.694902     0.607737     0.549215       0.565047   0.712188     0.384290     0.712188     0.721976     0.373459        0.721976        0.702661     0.395769      0.702661    
144     0.695179     0.606968     0.549087       0.565358   0.711256     0.384754     0.711256     0.721975     0.372956        0.721975        0.700850     0.397324      0.700850    
145     0.694801     0.607545     0.548818       0.565274   0.712128     0.383615     0.712128     0.721706     0.373016        0.721706        0.702801     0.394835      0.702801    
146     0.694800     0.607737     0.548871       0.565242   0.712350     0.383545     0.712350     0.721722     0.373161        0.721722        0.703219     0.394524      0.703219    
147     0.695544     0.605909     0.548836       0.565582   0.710006     0.385227     0.710006     0.721918     0.372208        0.721918        0.698481     0.399191      0.698481    
148     0.694541     0.608026     0.548737       0.565145   0.712785     0.382972     0.712785     0.721588     0.373192        0.721588        0.704194     0.393279      0.704194    
149     0.694859     0.607834     0.549027       0.565524   0.712400     0.383790     0.712400     0.721825     0.373345        0.721825        0.703219     0.394835      0.703219    
150     0.694998     0.607545     0.548990       0.565283   0.712046     0.383988     0.712046     0.721833     0.373165        0.721832        0.702522     0.395457      0.702522    
151     0.694730     0.607352     0.548593       0.565399   0.711986     0.383313     0.711986     0.721562     0.372722        0.721562        0.702661     0.394524      0.702661    
152     0.694715     0.608507     0.549343       0.565255   0.713117     0.383823     0.713117     0.721976     0.373967        0.721976        0.704473     0.394213      0.704473    
153     0.695125     0.607064     0.548985       0.565401   0.711428     0.384441     0.711428     0.721888     0.372916        0.721888        0.701268     0.396702      0.701268    
154     0.694749     0.608122     0.549150       0.565306   0.712713     0.383777     0.712713     0.721881     0.373600        0.721881        0.703776     0.394524      0.703776    
155     0.695124     0.607256     0.549124       0.565234   0.711610     0.384557     0.711610     0.721967     0.373134        0.721967        0.701547     0.396702      0.701547    
156     0.695040     0.608026     0.549338       0.565196   0.712501     0.384278     0.712501     0.722031     0.373714        0.722031        0.703219     0.395457      0.703219    
157     0.694801     0.607834     0.549113       0.565277   0.712360     0.383976     0.712360     0.721888     0.373420        0.721888        0.703079     0.395146      0.703079    
158     0.694852     0.607256     0.548867       0.565413   0.711733     0.384000     0.711733     0.721776     0.372911        0.721777        0.701965     0.395769      0.701965    
159     0.694884     0.606583     0.548293       0.565281   0.711136     0.383409     0.711136     0.721434     0.372073        0.721434        0.701129     0.395457      0.701129    
160     0.695308     0.606968     0.549431       0.565271   0.711092     0.385495     0.711092     0.722230     0.373252        0.722230        0.700293     0.398569      0.700293    
161     0.695245     0.606583     0.548808       0.565404   0.710891     0.384523     0.710891     0.721815     0.372520        0.721815        0.700293     0.397324      0.700293    
162     0.694852     0.607256     0.548437       0.565024   0.711936     0.383069     0.711936     0.721459     0.372537        0.721459        0.702661     0.394213      0.702661    
163     0.695381     0.606294     0.548599       0.565208   0.710618     0.384349     0.710618     0.721695     0.372195        0.721695        0.699875     0.397324      0.699875    
164     0.695063     0.607352     0.548936       0.565094   0.711824     0.384058     0.711824     0.721816     0.373021        0.721816        0.702104     0.395769      0.702104    
165     0.695684     0.605716     0.549212       0.565461   0.709577     0.386217     0.709577     0.722222     0.372436        0.722222        0.697367     0.401058      0.697367    
166     0.695107     0.606871     0.548588       0.565133   0.711369     0.383768     0.711369     0.721617     0.372474        0.721617        0.701407     0.395769      0.701407    
167     0.694451     0.608411     0.548929       0.565278   0.713188     0.383017     0.713188     0.721683     0.373558        0.721683        0.704891     0.392968      0.704891    
168     0.694913     0.607545     0.548904       0.565135   0.712087     0.383802     0.712087     0.721769     0.373090        0.721769        0.702661     0.395146      0.702661    
169     0.694661     0.608315     0.549032       0.565179   0.713016     0.383333     0.713016     0.721770     0.373597        0.721770        0.704473     0.393591      0.704473    
170     0.695461     0.606679     0.549136       0.565320   0.710860     0.385136     0.710860     0.722047     0.372852        0.722047        0.700014     0.398258      0.700014    
171     0.695161     0.606968     0.549001       0.565140   0.711296     0.384569     0.711296     0.721911     0.372881        0.721911        0.700989     0.397013      0.700989    
172     0.694860     0.607352     0.548679       0.565163   0.711946     0.383500     0.711946     0.721626     0.372797        0.721626        0.702522     0.394835      0.702522    
173     0.694962     0.607064     0.548470       0.565292   0.711673     0.383326     0.711673     0.721506     0.372468        0.721506        0.702104     0.394835      0.702104    
174     0.694781     0.608219     0.549048       0.565091   0.712885     0.383462     0.712885     0.721794     0.373562        0.721794        0.704194     0.393902      0.704194    
175     0.694988     0.606775     0.548604       0.565138   0.711237     0.383896     0.711237     0.721641     0.372440        0.721641        0.701129     0.396080      0.701129    
176     0.695212     0.606390     0.548411       0.564985   0.710831     0.383851     0.710831     0.721544     0.372079        0.721544        0.700432     0.396391      0.700432    
177     0.695352     0.606198     0.548616       0.565358   0.710485     0.384477     0.710485     0.721719     0.372161        0.721719        0.699596     0.397635      0.699596    
178     0.695256     0.606390     0.548497       0.565217   0.710791     0.384036     0.710791     0.721608     0.372154        0.721608        0.700293     0.396702      0.700293    
179     0.695411     0.605909     0.548664       0.565093   0.710088     0.384858     0.710088     0.721790     0.372059        0.721790        0.698760     0.398569      0.698760    
180     0.694819     0.607256     0.548523       0.565191   0.711896     0.383255     0.711896     0.721523     0.372612        0.721523        0.702522     0.394524      0.702522    
181     0.694256     0.608796     0.548693       0.564885   0.713793     0.382125     0.713793     0.721463     0.373551        0.721463        0.706284     0.391101      0.706284    
182     0.695123     0.606775     0.548261       0.565023   0.711400     0.383152     0.711400     0.721387     0.372141        0.721387        0.701686     0.394835      0.701686    
183     0.695108     0.607160     0.548797       0.564988   0.711642     0.383942     0.711642     0.721737     0.372802        0.721737        0.701825     0.395769      0.701825    
184     0.695252     0.606679     0.548534       0.564752   0.711146     0.383838     0.711146     0.721601     0.372331        0.721601        0.700989     0.396080      0.700989    
185     0.695202     0.606775     0.548776       0.564935   0.711155     0.384268     0.711155     0.721768     0.372589        0.721768        0.700850     0.396702      0.700850    
186     0.695385     0.606198     0.548702       0.565080   0.710444     0.384662     0.710444     0.721783     0.372235        0.721783        0.699457     0.397946      0.699457    
187     0.695408     0.605909     0.548493       0.565146   0.710171     0.384488     0.710171     0.721663     0.371910        0.721663        0.699039     0.397946      0.699039    
188     0.695177     0.606968     0.548743       0.564894   0.711419     0.384012     0.711419     0.721720     0.372658        0.721720        0.701407     0.396080      0.701407    
189     0.694723     0.608026     0.548908       0.564710   0.712704     0.383346     0.712704     0.721714     0.373341        0.721714        0.703915     0.393902      0.703915    
190     0.694768     0.607930     0.548581       0.564760   0.712734     0.382727     0.712734     0.721485     0.373006        0.721485        0.704194     0.392968      0.704194    
191     0.694912     0.607834     0.548769       0.564964   0.712522     0.383230     0.712522     0.721635     0.373121        0.721635        0.703637     0.393902      0.703637    
192     0.694986     0.607352     0.548593       0.564860   0.711986     0.383313     0.711986     0.721562     0.372722        0.721562        0.702661     0.394524      0.702661    
193     0.695018     0.606871     0.547987       0.564713   0.711654     0.382464     0.711654     0.721173     0.371949        0.721173        0.702383     0.393591      0.702383    
194     0.695191     0.605909     0.548407       0.564713   0.710212     0.384303     0.710212     0.721599     0.371836        0.721599        0.699178     0.397635      0.699178    
195     0.695257     0.607064     0.548813       0.564657   0.711510     0.384070     0.711510     0.721760     0.372767        0.721760        0.701547     0.396080      0.701547    
196     0.694772     0.606583     0.547949       0.564595   0.711299     0.382664     0.711299     0.721180     0.371772        0.721180        0.701686     0.394213      0.701686    
197     0.695113     0.607160     0.548797       0.564716   0.711642     0.383942     0.711642     0.721737     0.372802        0.721737        0.701825     0.395769      0.701825    
198     0.694931     0.607256     0.548179       0.564746   0.712058     0.382509     0.712058     0.721269     0.372312        0.721269        0.703079     0.393279      0.703079    
199     0.695434     0.606486     0.548395       0.564920   0.710963     0.383723     0.710963     0.721521     0.372113        0.721521        0.700711     0.396080      0.700711    
200     0.695482     0.606101     0.548116       0.564729   0.710599     0.383491     0.710599     0.721361     0.371679        0.721361        0.700153     0.396080      0.700153    
201     0.695655     0.605524     0.548557       0.564660   0.709641     0.384996     0.709641     0.721758     0.371776        0.721758        0.697924     0.399191      0.697924    
============================================================================================================================================

MATRICE DI CONFUSIONE SUL VALIDATION SET:
----------------------------------------
tp: 5009  fp: 1931  fn: 2168  tn: 1283 


STATISTICHE FINALI:
============================================================

🔹 LOSS:
   Rounds disponibili  : 201
   Valore iniziale     : 1.017202 
   Valore finale       : 0.695655 
   Valore minimo       : 0.674836 
   Valore massimo      : 1.017202 
   Valore medio        : 0.695749 
   Miglioramento       : -0.321547 📉

🔹 ACCURACY:
   Rounds disponibili  : 201
   Valore iniziale     : 0.419786 
   Valore finale       : 0.605524 
   Valore minimo       : 0.419786 
   Valore massimo      : 0.686556 
   Valore medio        : 0.608425 
   Miglioramento       : 0.185738  📈

🔹 BALANCEDACC:
   Rounds disponibili  : 201
   Valore iniziale     : 0.474575 
   Valore finale       : 0.548557 
   Valore minimo       : 0.474575 
   Valore massimo      : 0.550691 
   Valore medio        : 0.547319 
   Miglioramento       : 0.073982  📈

🔹 AUC:
   Rounds disponibili  : 201
   Valore iniziale     : 0.448650 
   Valore finale       : 0.564660 
   Valore minimo       : 0.448650 
   Valore massimo      : 0.568787 
   Valore medio        : 0.565141 
   Miglioramento       : 0.116011  📈

🔹 F1_SCORE:
   Rounds disponibili  : 201
   Valore iniziale     : 0.440672 
   Valore finale       : 0.709641 
   Valore minimo       : 0.440672 
   Valore massimo      : 0.811614 
   Valore medio        : 0.713275 
   Miglioramento       : 0.268969  📈

🔹 F1_NATURAL:
   Rounds disponibili  : 201
   Valore iniziale     : 0.397281 
   Valore finale       : 0.384996 
   Valore minimo       : 0.067564 
   Valore massimo      : 0.397281 
   Valore medio        : 0.377539 
   Miglioramento       : -0.012285 📉

🔹 F1_ATTACK:
   Rounds disponibili  : 201
   Valore iniziale     : 0.440672 
   Valore finale       : 0.709641 
   Valore minimo       : 0.440672 
   Valore massimo      : 0.811614 
   Valore medio        : 0.713275 
   Miglioramento       : 0.268969  📈

🔹 PRECISION:
   Rounds disponibili  : 201
   Valore iniziale     : 0.659356 
   Valore finale       : 0.721758 
   Valore minimo       : 0.659356 
   Valore massimo      : 0.723086 
   Valore medio        : 0.720553 
   Miglioramento       : 0.062402  📈

🔹 PRECISION_NAT:
   Rounds disponibili  : 201
   Valore iniziale     : 0.292679 
   Valore finale       : 0.371776 
   Valore minimo       : 0.292679 
   Valore massimo      : 0.422939 
   Valore medio        : 0.372885 
   Miglioramento       : 0.079097  📈

🔹 PRECISION_ATT:
   Rounds disponibili  : 201
   Valore iniziale     : 0.659356 
   Valore finale       : 0.721758 
   Valore minimo       : 0.659356 
   Valore massimo      : 0.723086 
   Valore medio        : 0.720553 
   Miglioramento       : 0.062402  📈

🔹 RECALL:
   Rounds disponibili  : 201
   Valore iniziale     : 0.330918 
   Valore finale       : 0.697924 
   Valore minimo       : 0.330918 
   Valore massimo      : 0.977567 
   Valore medio        : 0.707538 
   Miglioramento       : 0.367006  📈

🔹 RECALL_NAT:
   Rounds disponibili  : 201
   Valore iniziale     : 0.618233 
   Valore finale       : 0.399191 
   Valore minimo       : 0.036714 
   Valore massimo      : 0.618233 
   Valore medio        : 0.387100 
   Miglioramento       : -0.219042 📉

🔹 RECALL_ATT:
   Rounds disponibili  : 201
   Valore iniziale     : 0.330918 
   Valore finale       : 0.697924 
   Valore minimo       : 0.330918 
   Valore massimo      : 0.977567 
   Valore medio        : 0.707538 
   Miglioramento       : 0.367006  📈

